30 3.0
74 3.0
125 3.0
128 3.0
300 3.0
301 3.0
302 3.0
303 3.0
304 3.0
305 3.0
306 3.0
307 3.0
308 3.0
309 3.0
310 3.0
311 3.0
312 3.0
313 3.0
315 3.0
316 3.0
317 3.0
318 3.0
319 3.0
320 3.0
321 3.0
322 3.0
323 3.0
324 3.0
325 3.0
326 3.0
327 3.0
328 3.0
329 3.0
330 3.0
331 3.0
332 3.0
333 3.0
334 3.0
335 3.0
336 3.0
337 3.0
338 3.0
339 3.0
340 3.0
341 3.0
342 3.0
343 3.0
344 3.0
345 3.0
346 3.0
347 3.0
348 3.0
349 3.0
350 3.0
351 3.0
352 3.0
353 3.0
354 3.0
355 3.0
356 3.0
357 3.0
358 3.0
359 3.0
360 3.0
361 3.0
362 3.0
363 3.0
364 3.0
365 3.0
366 3.0
367 3.0
368 3.0
369 3.0
370 3.0
371 3.0
373 3.0
374 3.0
375 3.0
376 3.0
377 3.0
378 3.0
379 3.0
380 3.0
381 3.0
382 3.0
383 3.0
384 3.0
385 3.0
386 3.0
387 3.0
388 3.0
389 3.0
390 3.0
391 3.0
392 3.0
393 3.0
394 3.0
395 3.0
396 3.0
397 3.0
398 3.0
399 3.0
404 3.0
417 3.0
419 3.0
421 3.0
