1 4.0
4 4.0
5 4.0
26 4.0
31 4.0
97 4.0
98 4.0
100 4.0
117 4.0
127 4.0
129 4.0
137 4.0
140 4.0
141 4.0
276 4.0
282 4.0
314 4.0
372 4.0
401 4.0
406 4.0
412 4.0
413 4.0
416 4.0
418 4.0
422 4.0
423 4.0
424 4.0
425 4.0
426 4.0
427 4.0
428 4.0
429 4.0
430 4.0
431 4.0
432 4.0
433 4.0
434 4.0
435 4.0
436 4.0
437 4.0
438 4.0
439 4.0
440 4.0
441 4.0
442 4.0
443 4.0
444 4.0
445 4.0
446 4.0
447 4.0
448 4.0
449 4.0
450 4.0
451 4.0
452 4.0
453 4.0
454 4.0
455 4.0
456 4.0
457 4.0
458 4.0
459 4.0
460 4.0
461 4.0
462 4.0
463 4.0
464 4.0
465 4.0
466 4.0
467 4.0
468 4.0
469 4.0
470 4.0
471 4.0
472 4.0
473 4.0
474 4.0
475 4.0
476 4.0
477 4.0
478 4.0
479 4.0
480 4.0
481 4.0
482 4.0
483 4.0
484 4.0
485 4.0
486 4.0
487 4.0
488 4.0
489 4.0
490 4.0
491 4.0
492 4.0
493 4.0
494 4.0
495 4.0
496 4.0
497 4.0
498 4.0
499 4.0
503 4.0
