7 5.0
13 5.0
14 5.0
16 5.0
28 5.0
29 5.0
56 5.0
63 5.0
85 5.0
89 5.0
119 5.0
134 5.0
500 5.0
501 5.0
504 5.0
505 5.0
506 5.0
507 5.0
508 5.0
509 5.0
510 5.0
511 5.0
512 5.0
513 5.0
514 5.0
515 5.0
516 5.0
517 5.0
518 5.0
519 5.0
520 5.0
521 5.0
522 5.0
523 5.0
524 5.0
525 5.0
526 5.0
527 5.0
528 5.0
529 5.0
530 5.0
531 5.0
532 5.0
533 5.0
534 5.0
535 5.0
536 5.0
537 5.0
538 5.0
539 5.0
540 5.0
541 5.0
542 5.0
543 5.0
544 5.0
545 5.0
546 5.0
547 5.0
548 5.0
549 5.0
550 5.0
551 5.0
552 5.0
553 5.0
554 5.0
555 5.0
556 5.0
557 5.0
558 5.0
559 5.0
560 5.0
561 5.0
562 5.0
563 5.0
564 5.0
565 5.0
566 5.0
567 5.0
568 5.0
569 5.0
570 5.0
571 5.0
572 5.0
573 5.0
574 5.0
575 5.0
576 5.0
577 5.0
578 5.0
579 5.0
580 5.0
581 5.0
582 5.0
583 5.0
584 5.0
585 5.0
586 5.0
587 5.0
588 5.0
589 5.0
590 5.0
591 5.0
592 5.0
593 5.0
594 5.0
595 5.0
596 5.0
597 5.0
598 5.0
599 5.0
